10
30
[34, 45]
[16, 50, 103, 60, 120, 163, 178, 125, 253, 144, 209, 72, 198, 84, 160, 195, 104, 95, 192, 4, 175, 64, 151, 40, 234, 45, 211, 208, 138, 180, 174, 148, 25, 91, 94, 155, 189]
[158, 186, 66]
[107, 24, 203, 233, 26, 93, 85, 200, 79, 82, 36, 240, 143, 208, 117, 168, 151, 218, 148, 152, 72, 153, 167, 22]
[248, 138, 7, 169, 135, 246, 189, 100, 124, 8, 199, 114, 250]
[154, 129, 55, 117, 133, 58, 183, 103, 24, 151]
[219, 100, 152, 61, 170, 126, 115, 43, 76, 1, 15, 251, 103, 157, 151, 10, 72, 248, 118, 225, 96, 53, 33, 90, 156, 0, 242, 250, 75, 208, 28, 153, 165, 88, 68, 78, 226]
[10, 148, 30, 242, 15, 117, 169, 176, 171, 205, 64, 11, 252, 109, 238, 214, 97, 185, 161, 220, 193, 221, 179, 182, 7, 86, 54, 113, 160, 111, 136, 43, 81, 137, 69, 142, 144, 118, 167, 0, 243]
