40
20
[452, 328, 304, 610, 87, 177, 644, 366, 425, 356, 101, 154, 220, 401, 198, 585, 597, 757, 509, 268, 781, 184, 335, 583, 109, 343, 358]
[267, 93, 124, 432, 723, 637, 9, 244, 628, 264, 228, 19, 70, 482, 340, 100, 587, 503, 695, 370, 139, 436, 711, 45, 395, 721, 519, 5, 657, 536, 741, 670, 603, 639, 212, 372, 434, 81, 769, 496, 693, 774, 152, 730, 635, 325, 312, 498, 250, 295, 614, 280, 790, 62, 386, 785, 470, 403, 578, 509, 529, 223, 56, 734, 429, 138, 594, 388, 437, 367, 584, 783, 715, 10, 374, 460, 667, 343, 416, 560, 758, 185, 21, 504, 17, 309, 726, 182, 233, 240, 118, 426, 146, 425, 606, 654, 157, 55, 279, 738, 706, 94, 480, 159, 254, 589, 633, 497, 251, 376, 42, 399, 579, 463, 770, 210, 61, 87, 390, 555, 130, 128, 116, 685, 716, 104, 30, 476, 1, 92, 313, 296, 440, 562, 659, 72, 557, 717, 622, 379, 402, 636, 373, 351, 768, 336, 612, 720, 79, 494, 464, 602, 521, 431, 272, 6, 422, 377, 727, 445, 446, 150, 415, 475, 479, 178, 618, 601, 133, 554, 161, 771, 740, 761, 151, 285, 317, 319, 571, 237, 221, 609, 108, 271, 284, 208, 66, 153, 433, 347, 684, 98, 724]
[757, 716, 547, 447, 475, 615, 548, 146, 763, 324, 290, 319, 214, 48, 478, 15, 752, 676, 512, 248, 790, 479, 595, 82, 442, 345, 583, 760, 624, 669, 156, 448, 383, 27, 159, 582, 70, 88, 712, 709, 356, 232, 424, 386, 663, 795, 682, 552, 128, 282, 300, 408, 585, 766, 148, 322, 436, 301, 418, 37, 157, 54, 297, 222, 568, 225, 428, 317, 514, 629, 94, 422, 199, 142, 326, 494, 427, 147, 10, 540, 761, 50]
[587, 389, 53, 371, 692, 782, 756, 773, 719, 326, 25, 538, 78, 400, 648, 560, 112, 536, 303, 391, 46, 189, 459, 589, 279, 283, 153, 651, 335, 693, 757, 550, 263, 115, 207, 334, 54, 313, 222, 76, 137, 408, 38, 329, 785, 343, 617, 580, 528, 200, 298, 482, 247, 208, 791, 770, 251, 255, 272, 484, 63, 155, 694, 348, 26, 687, 166, 709, 372, 139, 161, 771, 234, 318, 478, 244, 697, 168, 720, 519, 392, 44, 572, 258, 468, 627, 534, 699, 185, 66, 406, 752, 149, 516, 578, 144, 163, 178, 160, 384, 564, 268, 556, 730, 476, 274, 407, 252, 524, 702, 92, 412, 667, 41, 143, 741, 363, 645, 365, 742, 493, 724, 158, 668, 688, 794, 162, 5, 186, 401, 626, 82, 188, 604, 72, 204, 502, 113, 300, 19, 415, 434, 388, 122, 250, 240, 34, 114, 533, 43, 701, 630, 647, 761, 602, 797, 615, 486, 636, 789, 376, 245, 212, 426, 501, 127, 90, 748, 17, 176, 16, 466, 728, 532, 585, 764, 743, 171, 628, 118, 433, 159, 599, 105]
[250, 649, 511, 218, 139, 432, 765, 246, 180, 641, 302, 739, 290, 488, 473, 136, 703, 777, 573, 202, 330, 72, 681, 241, 428, 390, 274, 721, 313, 321, 591, 242, 22, 2, 27, 555, 336, 560, 16, 719, 231, 584, 526, 31, 240, 144, 90, 545, 258, 704, 167, 630, 94, 460]
[444, 136, 616, 370, 515, 162, 100, 235, 151, 122, 142, 145, 777, 524, 477, 728, 758, 749, 459, 30, 599, 84, 581, 490, 511, 497, 306, 292, 712, 441, 167, 175, 308, 573, 254, 78, 93, 339, 67, 633]
[79, 494, 280, 681, 31, 498, 571, 570, 744, 324, 690]
[258, 628, 33, 646, 688, 101, 573, 531, 88, 581, 316, 142, 270, 147, 735, 480, 223, 161, 330, 765, 230, 471, 213, 198, 141, 367, 475, 190, 736, 108, 613, 424, 757, 619, 540, 163, 260, 630, 746, 387, 210, 470, 617, 637, 249, 139, 479, 326, 524, 323, 235, 654, 483, 686, 202, 603, 683, 114, 489, 536, 455, 149, 362, 589, 644, 435, 473, 428]
[124, 637, 597, 564, 162, 719, 210, 752, 200, 548, 95, 789, 669, 165, 654, 360, 336, 305, 782, 673, 185, 67, 291, 607, 601, 566, 655, 284, 177, 168, 255, 794, 678, 347, 622, 404, 713, 738, 32, 542, 540, 339, 522, 660, 565, 701, 211, 590, 182, 112, 572, 643, 132, 466, 75, 213, 365, 647, 345, 137, 94, 621, 118, 762, 398, 759, 56, 605, 320, 277, 37, 431, 83, 616, 146, 477, 155, 259, 780, 704, 173, 389, 73, 285, 730, 708, 677, 391, 649, 367, 595, 86, 375, 253, 591, 417, 791, 350, 117, 714, 524, 758, 125, 657, 79, 363, 485, 395, 519, 101, 733, 385, 303, 703, 687, 14, 435, 539, 238, 465, 467, 100, 656, 517, 469, 273, 488, 204, 81, 556, 424, 414, 716, 7, 675, 646, 41, 568, 242, 610, 126, 645, 451, 577, 39, 63, 567, 536, 0, 790]
[401, 200, 52, 10, 106, 389, 335, 185, 669, 704, 552, 456, 710, 372, 304, 751, 380, 622, 718, 694, 776, 571, 170, 439, 697, 525, 266, 624, 388, 115, 112, 93, 271, 607, 526, 231, 640, 429, 422, 66, 193, 551, 343, 662, 477, 376, 566, 719, 129, 182, 678, 297, 777, 69, 64, 136, 567, 286, 727, 652, 453, 21, 713, 576, 505, 739, 288, 355, 222, 206, 220, 344, 195, 306, 763, 33, 535, 384, 397, 531, 468, 294, 629, 768, 506, 543, 103, 681, 500, 450, 786, 769, 45, 18, 216, 785, 504]
